# genetated time: 2023-05-04 14:03:14.514551
# histogram number: 2048
# sample number: 1
# tune number: 5
###
# op_name    threshold    min    max
input 254.9998779 0.0000632 254.9998779
p3_input 254.9768982 0.0485000 254.9768982
p4_input 254.9561005 0.2095868 254.9561005
p5_input 254.4847107 0.2278816 254.4847107
392_Relu 437.6634521 -0.0000000 437.6634521
393_MaxPool 437.6634521 -0.0000000 437.6634521
396_Relu 159.9973297 -0.0000000 159.9973297
399_Relu 88.6026001 -0.0000000 94.4632874
1385_Conv 108.9430313 -95.9181976 108.9430313
1388_Conv 149.1354233 -237.3412628 197.2027283
405_Relu 165.9534912 0.0000000 189.5685272
408_Relu 170.6009064 -0.0000000 170.6009064
411_Relu 344.6495972 -0.0000000 344.6495972
1397_Conv 334.1912903 -111.1767960 361.2831116
415_Relu 449.1669922 0.0000000 478.8775024
418_Relu 68.5688248 -0.0000000 68.5688248
421_Relu 76.1914673 -0.0000000 76.1914673
1406_Conv 67.5412445 -67.5412445 36.8490791
425_Relu 441.0273315 0.0000000 480.0249634
428_Relu 214.6651001 -0.0000000 214.6651001
431_Relu 207.9684296 -0.0000000 207.9684296
1415_Conv 225.2750702 -225.2750702 197.5844574
1418_Conv 919.1553406 -158.2958832 1000.4312134
437_Relu 1007.9080200 0.0000000 1007.9080200
440_Relu 386.2488403 -0.0000000 386.2488403
443_Relu 658.1043274 -0.0000000 697.0246582
1427_Conv 721.1676636 -721.1676636 614.9658203
447_Relu 1005.1964996 0.0000000 1086.6845703
450_Relu 503.0839844 -0.0000000 503.0839844
453_Relu 329.7468872 -0.0000000 329.7468872
1436_Conv 289.1524658 -289.1524658 204.2927246
457_Relu 1093.0284424 0.0000000 1093.0284424
460_Relu 125.5926514 -0.0000000 125.5926514
463_Relu 79.5962524 -0.0000000 79.5962524
1445_Conv 84.6887207 -84.6887207 47.4375153
467_Relu 1017.8213257 0.0000000 1092.9445801
470_Relu 254.4798737 -0.0000000 313.0530701
473_Relu 233.7792816 -0.0000000 233.7792816
1454_Conv 462.6877747 -217.0429840 462.6877747
1457_Conv 555.9606323 -265.5291748 613.2568970
479_Relu 727.4396118 0.0000000 773.0001831
482_Relu 529.5005051 -0.0000000 568.4476318
485_Relu 475.9881287 -0.0000000 475.9881287
1466_Conv 599.7160034 -599.7160034 280.9848328
489_Relu 957.8292847 0.0000000 957.8292847
492_Relu 232.1211395 -0.0000000 232.1211395
495_Relu 114.5223999 -0.0000000 114.5223999
1475_Conv 173.6513367 -173.6513367 77.7330551
499_Relu 885.3620605 0.0000000 925.7239990
502_Relu 113.4135132 -0.0000000 113.4135132
505_Relu 88.9279099 -0.0000000 88.9279099
1484_Conv 89.7267685 -89.7267685 69.9555969
509_Relu 893.2289978 0.0000000 922.0341187
512_Relu 240.1781311 -0.0000000 240.1781311
515_Relu 174.3733826 -0.0000000 174.3733826
1493_Conv 362.6849670 -362.6849670 114.3839951
519_Relu 900.2073364 0.0000000 900.2073364
522_Relu 133.0214691 -0.0000000 133.0214691
525_Relu 169.8941650 -0.0000000 169.8941650
1502_Conv 167.1515350 -167.1515350 94.7866821
529_Relu 856.7900238 0.0000000 875.8079224
532_Relu 173.7214355 -0.0000000 173.7214355
535_Relu 205.9887085 -0.0000000 205.9887085
1511_Conv 239.2985535 -218.9459229 239.2985535
1514_Conv 304.9081116 -291.1149292 304.9081116
541_Relu 476.3327942 0.0000000 476.3327942
544_Relu 113.4721222 -0.0000000 113.4721222
547_Relu 93.8726959 -0.0000000 93.8726959
1523_Conv 141.7125244 -141.6097107 141.7125244
551_Relu 498.5883179 0.0000000 498.5883179
554_Relu 97.6596222 -0.0000000 97.6596222
557_Relu 93.5001297 -0.0000000 93.5001297
1532_Conv 258.3838806 -258.3838806 74.1108017
561_Relu 401.5177002 0.0000000 401.5177002
562_Conv 60.3566360 -57.0384331 60.3566360
563_Conv 139.6850891 -113.2878265 139.6850891
564_Conv 76.0173874 -61.4849815 76.0173874
565_Conv 48.8457718 -46.0823746 48.8457718
570_Resize 48.8457718 -46.0823746 48.8457718
571_Add 96.5104065 -96.5104065 91.7846451
576_Resize 96.5104065 -96.5104065 91.7846451
577_Add 176.6319427 -159.6824036 201.7665100
582_Resize 176.6319427 -159.6824036 201.7665100
583_Add 195.6530151 -147.4744110 223.4942780
584_Conv 114.0668945 -121.6119461 114.9915314
585_Conv 104.3332443 -94.5247955 104.3332443
586_Conv 66.5682831 -54.0640793 66.5682831
587_Conv 44.4297867 -42.0192909 44.4297867
588_MaxPool 44.4297867 -36.8414917 44.4297867
593_Resize 112.1870041 -112.1870041 106.2744293
612_Resize 44.0210571 -36.8414917 44.0210571
613_Concat 254.9768982 -112.1870041 254.9768982
614_Concat 254.9768982 -94.5247955 254.9768982
615_Concat 254.9561005 -54.0640793 254.9561005
616_Concat 254.4847107 -42.0192909 254.4847107
617_Concat 254.4847107 -36.8414917 254.4847107
628_Resize 253.5981903 -101.9131317 253.5981903
633_Slice 104.1726303 -101.9131317 104.1726303
634_Conv 306.1220703 -227.3939056 306.1220703
634_Conv_GroupNorm 4.6367545 -4.4131298 4.6367545
646_Relu 1.9532965 -0.0000000 1.9532965
647_Conv 5.6426744 -3.8282638 6.4456215
647_Conv_GroupNorm 4.8256879 -4.6047683 4.8256879
659_Relu 2.0195913 -0.0000000 2.0195913
660_Conv 1.8683184 -1.8129802 1.8683184
660_Conv_GroupNorm 5.7307405 -6.1817021 6.5462198
672_Relu 2.2707245 -0.0000000 2.2707245
673_Conv 3.7803411 -3.7803411 2.8582308
673_Conv_GroupNorm 5.7517495 -5.7517495 4.1383109
685_Relu 2.1861219 -0.0000000 2.1861219
686_Conv 5.5993843 -5.5993843 2.8167973
687_Conv 90.2928085 -96.2653046 75.5742035
687_Conv_GroupNorm 3.6647420 -3.6647420 3.5539188
699_Relu 1.7827172 -0.0000000 1.7827172
700_Conv 3.3359075 -3.3359075 1.3097249
700_Conv_GroupNorm 4.0360260 -4.0360260 3.3762834
712_Relu 1.6927663 -0.0000000 1.6927663
713_Conv 5.0229640 -5.0229640 2.0221918
713_Conv_GroupNorm 3.9013364 -3.9013364 3.8588459
725_Relu 1.8359797 -0.0000000 1.8359797
726_Conv 5.5181637 -5.5181637 1.6294494
726_Conv_GroupNorm 3.9393773 -3.2848547 3.9393773
738_Relu 2.1613112 -0.0000000 2.3361516
739_Conv 9.5505228 -9.5505228 -4.2476392
cate_pred1_Sigmoid 0.0079331 0.0000712 0.0140964
kernel_pred1_Transpose 5.5993843 -5.5993843 2.8167973
752_Resize 249.8153534 -90.2753448 249.8153534
757_Slice 88.6777878 -90.2753448 94.5434494
758_Conv 314.8224792 -231.8762360 314.8224792
758_Conv_GroupNorm 4.5617871 -4.1761341 4.5617871
770_Relu 2.1121948 -0.0000000 2.1121948
771_Conv 6.2830830 -3.6147118 6.2830830
771_Conv_GroupNorm 4.4562120 -4.3906474 4.4562120
783_Relu 2.1632304 -0.0000000 2.1632304
784_Conv 1.9950030 -1.9950030 1.8732765
784_Conv_GroupNorm 6.6496277 -5.7097673 6.6496277
796_Relu 2.4249701 -0.0000000 2.4249701
797_Conv 4.5142293 -4.5142293 2.8952107
797_Conv_GroupNorm 6.0041728 -6.0041728 4.5478020
809_Relu 2.3528352 -0.0000000 2.3528352
810_Conv 7.3947878 -7.3947878 2.8307626
811_Conv 75.1932755 -75.1932755 51.5592194
811_Conv_GroupNorm 3.7392273 -3.7392273 3.6280048
823_Relu 1.8206278 -0.0000000 1.8206278
824_Conv 3.0274005 -3.0274005 1.1463553
824_Conv_GroupNorm 4.4289627 -4.4289627 2.9982603
836_Relu 1.4585326 -0.0000000 1.6660805
837_Conv 3.1014473 -3.3065953 1.2352524
837_Conv_GroupNorm 4.9599962 -4.9599962 3.7382505
849_Relu 1.8800203 -0.0000000 1.8800203
850_Conv 6.1959677 -6.1959677 1.5142655
850_Conv_GroupNorm 4.1754626 -3.8626029 4.3658137
862_Relu 2.7362449 -0.0000000 2.7362449
863_Conv 8.6511002 -8.6511002 -3.0576234
cate_pred2_Sigmoid 0.0448895 0.0001749 0.0448895
kernel_pred2_Transpose 7.3947878 -7.3947878 2.8307626
876_Resize 246.6842499 -52.4657974 246.6842499
881_Slice 63.1275063 -52.4657974 63.1275063
882_Conv 296.2184448 -227.0346680 296.2184448
882_Conv_GroupNorm 4.9993320 -4.8875017 4.9993320
894_Relu 2.2015767 -0.0000000 2.2015767
895_Conv 6.4666901 -3.9962330 6.4666901
895_Conv_GroupNorm 5.4933853 -4.8976173 5.4933853
907_Relu 2.0360849 -0.0000000 2.0360849
908_Conv 2.3399665 -2.3399665 1.7850381
908_Conv_GroupNorm 5.5176392 -5.1062150 5.5176392
920_Relu 2.3725555 -0.0000000 2.3725555
921_Conv 5.3375826 -5.3375826 3.5417280
921_Conv_GroupNorm 5.9778461 -5.9778461 3.8442342
933_Relu 2.0881343 -0.0000000 2.0881343
934_Conv 3.9134336 -3.9134336 2.6649334
935_Conv 67.8431549 -67.8431549 45.2957878
935_Conv_GroupNorm 3.9996192 -3.5803814 3.9996192
947_Relu 2.0968266 -0.0000000 2.0968266
948_Conv 3.3122268 -3.3122268 2.1333990
948_Conv_GroupNorm 4.7570510 -5.8519735 3.4331768
960_Relu 1.7842073 -0.0000000 1.7842073
961_Conv 4.1745405 -4.1745405 1.1804163
961_Conv_GroupNorm 4.0852127 -5.4442902 4.0169435
973_Relu 2.5409909 -0.0000000 2.6139700
974_Conv 4.8737864 -5.1961675 1.7558410
974_Conv_GroupNorm 4.8431814 -3.9227445 5.0976925
986_Relu 3.1584358 -0.0000000 3.1584358
987_Conv 8.8560772 -8.8560772 -3.8314373
cate_pred3_Sigmoid 0.0212185 0.0001425 0.0212185
kernel_pred3_Transpose 3.9134336 -3.9134336 2.6649334
1000_Resize 247.2224884 -39.6597137 247.2224884
1005_Slice 40.9588470 -39.6597137 40.9588470
1006_Conv 290.0292053 -225.5740356 290.0292053
1006_Conv_GroupNorm 5.0694680 -4.6908512 5.0694680
1018_Relu 2.1195691 -0.0000000 2.1195691
1019_Conv 6.4629011 -4.2692232 6.4629011
1019_Conv_GroupNorm 4.8511333 -4.8511333 4.7421618
1031_Relu 1.8535966 -0.0000000 1.8535966
1032_Conv 2.2428043 -2.2428043 2.0840867
1032_Conv_GroupNorm 6.1359191 -5.4884858 6.1359191
1044_Relu 2.2742999 -0.0000000 2.2742999
1045_Conv 5.5010953 -5.5010953 4.1526942
1045_Conv_GroupNorm 4.9364090 -4.9364090 3.6175680
1057_Relu 1.8928400 -0.0000000 1.8928400
1058_Conv 3.8509493 -3.8509493 1.6430035
1059_Conv 43.1489754 -31.5055866 43.1489754
1059_Conv_GroupNorm 4.4520998 -4.4520998 4.1876273
1071_Relu 1.7568432 -0.0000000 1.7568432
1072_Conv 4.8882923 -4.8882923 1.6981759
1072_Conv_GroupNorm 4.9333057 -4.9333057 4.3430190
1084_Relu 2.3290322 -0.0000000 2.3290322
1085_Conv 4.3378377 -4.3378377 1.2745681
1085_Conv_GroupNorm 5.1814108 -5.1814108 4.1707067
1097_Relu 2.4734421 -0.0000000 2.4734421
1098_Conv 5.4535608 -5.4535608 1.6314709
1098_Conv_GroupNorm 4.7387576 -4.7387576 4.4380746
1110_Relu 2.6601169 -0.0000000 2.6601169
1111_Conv 8.0877199 -8.0877199 -1.9604208
cate_pred4_Sigmoid 0.1157642 0.0003072 0.1234215
kernel_pred4_Transpose 3.8509493 -3.8509493 1.6430035
1124_Resize 232.9941498 -36.6332970 242.0395966
1129_Slice 43.4286652 -36.6332970 43.4286652
1130_Conv 271.3998108 -210.5990143 271.3998108
1130_Conv_GroupNorm 4.9433169 -4.5326962 4.9433169
1142_Relu 2.0648744 -0.0000000 2.0648744
1143_Conv 5.9816456 -3.9254496 5.9816456
1143_Conv_GroupNorm 4.6084313 -4.6084313 4.4638681
1155_Relu 1.8336593 -0.0000000 1.8336593
1156_Conv 2.0754015 -2.0754015 1.7615805
1156_Conv_GroupNorm 5.5485735 -5.5485735 5.3907862
1168_Relu 2.0501063 -0.0000000 2.0501063
1169_Conv 5.3328929 -5.3328929 4.2812214
1169_Conv_GroupNorm 4.7522922 -4.7522922 3.7208133
1181_Relu 1.8773218 -0.0000000 1.8773218
1182_Conv 3.1056015 -3.1056015 1.5323421
1183_Conv 43.3220139 -31.2998543 43.3220139
1183_Conv_GroupNorm 4.7107949 -4.7107949 4.4090261
1195_Relu 1.8481221 -0.0000000 1.8481221
1196_Conv 4.8787875 -4.8787875 1.7984388
1196_Conv_GroupNorm 4.5644250 -4.5644250 4.1653686
1208_Relu 2.2326069 -0.0000000 2.2326069
1209_Conv 4.5137215 -4.5137215 1.2854770
1209_Conv_GroupNorm 4.8496246 -4.8496246 4.2776999
1221_Relu 2.5038607 -0.0000000 2.5038607
1222_Conv 5.3204689 -5.3204689 1.3942626
1222_Conv_GroupNorm 4.9524684 -4.9524684 3.9633615
1234_Relu 2.4601107 -0.0000000 2.4601107
1235_Conv 8.0296106 -8.0296106 -1.7905595
cate_pred5_Sigmoid 0.1073055 0.0003256 0.1430041
kernel_pred5_Transpose 3.1056015 -3.1056015 1.5323421
1238_Conv 131.2159729 -131.2159729 93.6324539
1238_Conv_GroupNorm 7.7273004 -5.1475635 10.3013897
1250_Relu 3.6944056 -0.0000000 4.9234691
1251_Conv 79.2666168 -65.8483658 79.2666168
1251_Conv_GroupNorm 6.0202303 -4.0817232 6.0202303
1263_Relu 2.3996336 -0.0000000 3.0225210
1268_Resize 2.9570012 0.0000000 2.9570012
1269_Add 3.6158293 0.0000000 5.1643891
1270_Conv 56.2010155 -56.2010155 49.9104691
1270_Conv_GroupNorm 6.1251183 -6.1251183 5.1731806
1282_Relu 2.6697176 -0.0000000 2.6697176
1287_Resize 2.6310599 0.0000000 2.6310599
1288_Conv 1.9546257 -1.9546257 1.2787815
1288_Conv_GroupNorm 6.6355534 -6.1408248 6.6355534
1300_Relu 3.3740239 -0.0000000 3.3740239
1305_Resize 3.2469423 0.0000000 3.2469423
1306_Add 4.7762613 0.0000000 5.8756046
1307_Concat 254.4847107 -42.0192909 254.4847107
1308_Conv 670.0006714 -550.7957153 670.0006714
1308_Conv_GroupNorm 3.2408957 -3.1938944 3.2408957
1320_Relu 1.5894576 -0.0000000 1.5894576
1325_Resize 1.5263166 0.0000000 1.5263166
1326_Conv 3.2094431 -2.2011127 3.2094431
1326_Conv_GroupNorm 4.1971149 -3.6320527 4.1971149
1338_Relu 1.9660149 -0.0000000 1.9660149
1343_Resize 1.9555999 0.0000000 1.9555999
1344_Conv 2.6961887 -1.7993000 2.6961887
1344_Conv_GroupNorm 9.1964235 -4.6676998 9.1964235
1356_Relu 4.7161880 -0.0000000 4.7161880
1361_Resize 4.4863606 0.0000000 4.6605330
1362_Add 4.9304523 0.0000000 6.0652857
1363_Conv 3.8438520 -3.5863936 3.8438520
1363_Conv_GroupNorm 6.7854562 -7.2342858 6.2571945
feature_pred_Relu 3.3314021 -0.0000000 3.3314021
