# genetated time: 2023-03-02 20:35:23.342743
# histogram number: 2048
# sample number: 100
# tune number: 5
###
# op_name    threshold    min    max
data 1.0000080 0.0000000 1.0000080
resnetv19_relu0_fwd_Relu 1.2866490 0.0000000 1.7146944
resnetv19_pool0_fwd_MaxPool 1.3080513 0.0000000 1.7146944
resnetv19_stage1_relu0_fwd_Relu 1.1069053 0.0000000 1.1069053
resnetv19_stage1_relu1_fwd_Relu 0.9113254 0.0000000 1.1387395
resnetv19_stage1_conv2_fwd_Conv 1.0357640 -0.7547987 1.7443101
resnetv19_stage1_conv3_fwd_Conv 1.0107935 -1.7203029 0.9196530
resnetv19_stage1_activation0_Relu 0.9765057 0.0000000 1.6702796
resnetv19_stage1_relu2_fwd_Relu 0.6759046 0.0000000 0.8479617
resnetv19_stage1_relu3_fwd_Relu 0.7960173 0.0000000 1.5247718
resnetv19_stage1_conv6_fwd_Conv 0.9625345 -1.0555530 1.2831703
resnetv19_stage1_activation1_Relu 1.1732999 0.0000000 1.6318974
resnetv19_stage1_relu4_fwd_Relu 0.7230774 0.0000000 1.3766818
resnetv19_stage1_relu5_fwd_Relu 2.0457001 0.0000000 3.2891240
resnetv19_stage1_conv9_fwd_Conv 1.0813669 -1.3330408 1.8208842
resnetv19_stage1_activation2_Relu 1.2324690 0.0000000 1.9713725
resnetv19_stage2_relu0_fwd_Relu 0.5385996 0.0000000 0.7177821
resnetv19_stage2_relu1_fwd_Relu 0.7394998 0.0000000 1.3140243
resnetv19_stage2_conv2_fwd_Conv 1.1392206 -1.1725935 1.8225749
resnetv19_stage2_conv3_fwd_Conv 1.1702300 -1.0985680 1.8815228
resnetv19_stage2_activation0_Relu 1.6686313 0.0000000 2.0145016
resnetv19_stage2_relu2_fwd_Relu 1.9000325 0.0000000 2.9949305
resnetv19_stage2_relu3_fwd_Relu 2.7300047 0.0000000 9.1950960
resnetv19_stage2_conv6_fwd_Conv 1.1938554 -1.3525921 2.5297055
resnetv19_stage2_activation1_Relu 1.8184962 0.0000000 2.5297055
resnetv19_stage2_relu4_fwd_Relu 1.1957581 0.0000000 2.4680786
resnetv19_stage2_relu5_fwd_Relu 1.4813797 0.0000000 9.4791632
resnetv19_stage2_conv9_fwd_Conv 1.2812876 -1.1706090 3.6600554
resnetv19_stage2_activation2_Relu 2.1118895 0.0000000 4.8964071
resnetv19_stage2_relu6_fwd_Relu 1.2245170 0.0000000 2.7983100
resnetv19_stage2_relu7_fwd_Relu 1.4647063 0.0000000 7.2099404
resnetv19_stage2_conv12_fwd_Conv 1.3681263 -1.3681263 1.2423968
resnetv19_stage2_activation3_Relu 2.1227351 0.0000000 4.9215527
resnetv19_stage2_relu8_fwd_Relu 1.1785245 0.0000000 2.8346627
resnetv19_stage2_relu9_fwd_Relu 1.1093132 0.0000000 10.1396036
resnetv19_stage2_conv15_fwd_Conv 1.4372427 -1.3361721 1.9486908
resnetv19_stage2_activation4_Relu 2.1419489 0.0000000 4.9660997
resnetv19_stage2_relu10_fwd_Relu 1.3412188 0.0000000 3.3000479
resnetv19_stage2_relu11_fwd_Relu 1.2311795 0.0000000 11.2535133
resnetv19_stage2_conv18_fwd_Conv 1.7782276 -1.4198968 1.7782276
resnetv19_stage2_activation5_Relu 2.3824037 0.0000000 5.5235929
resnetv19_stage2_relu12_fwd_Relu 0.6917849 0.0000000 1.5804505
resnetv19_stage2_relu13_fwd_Relu 0.8058370 0.0000000 3.7911937
resnetv19_stage2_conv21_fwd_Conv 2.3286410 -3.7257528 1.5031495
resnetv19_stage2_activation6_Relu 2.3985803 0.0000000 5.5610986
resnetv19_stage2_relu14_fwd_Relu 0.7236998 0.0000000 1.7406893
resnetv19_stage2_relu15_fwd_Relu 0.8418851 0.0000000 7.6951947
resnetv19_stage2_conv24_fwd_Conv 1.8698175 -1.8698175 1.8166667
resnetv19_stage2_activation7_Relu 2.8753276 0.0000000 5.6097937
resnetv19_stage3_relu0_fwd_Relu 0.8775047 0.0000000 1.0554703
resnetv19_stage3_relu1_fwd_Relu 1.8644741 0.0000000 2.9817019
resnetv19_stage3_conv2_fwd_Conv 1.4765303 -1.5440791 1.4213166
resnetv19_stage3_conv3_fwd_Conv 1.4904072 -1.1179923 2.0825717
resnetv19_stage3_activation0_Relu 2.2547768 0.0000000 2.4375644
resnetv19_stage3_relu2_fwd_Relu 0.6977376 0.0000000 0.9298625
resnetv19_stage3_relu3_fwd_Relu 1.0280468 0.0000000 1.3700598
resnetv19_stage3_conv6_fwd_Conv 1.5456637 -1.0977600 2.0188060
resnetv19_stage3_activation1_Relu 3.2292170 0.0000000 3.8556972
resnetv19_stage3_relu4_fwd_Relu 0.9768223 0.0000000 1.4201386
resnetv19_stage3_relu5_fwd_Relu 0.9894379 0.0000000 1.5823277
resnetv19_stage3_conv9_fwd_Conv 2.2301854 -2.9128661 2.4390287
resnetv19_stage3_activation2_Relu 3.0634373 0.0000000 3.7702427
resnetv19_stage3_relu6_fwd_Relu 0.8988661 0.0000000 1.0123681
resnetv19_stage3_relu7_fwd_Relu 0.9151279 0.0000000 2.4391494
resnetv19_stage3_conv12_fwd_Conv 2.1606069 -2.1821246 2.3841100
resnetv19_stage3_activation3_Relu 3.2051455 0.0000000 3.7706511
resnetv19_stage3_relu8_fwd_Relu 0.8020690 0.0000000 0.9097300
resnetv19_stage3_relu9_fwd_Relu 0.9558192 0.0000000 1.5285641
resnetv19_stage3_conv15_fwd_Conv 2.0762969 -1.8217741 3.9082112
resnetv19_stage3_activation4_Relu 3.1755409 0.0000000 3.9082112
resnetv19_stage3_relu10_fwd_Relu 0.6766139 0.0000000 1.5457909
resnetv19_stage3_relu11_fwd_Relu 1.0398464 0.0000000 2.0786774
resnetv19_stage3_conv18_fwd_Conv 2.0825715 -1.8033813 2.5631456
resnetv19_stage3_activation5_Relu 3.3156485 0.0000000 6.4688644
resnetv19_stage3_relu12_fwd_Relu 0.4555166 0.0000000 2.4282358
resnetv19_stage3_relu13_fwd_Relu 0.3908755 0.0000000 3.5727718
resnetv19_stage3_conv21_fwd_Conv 2.0940122 -2.5808239 8.3752308
resnetv19_stage3_activation6_Relu 3.6121507 0.0000000 8.3752308
resnetv19_stage3_relu14_fwd_Relu 0.3000911 0.0000000 1.7777067
resnetv19_stage3_relu15_fwd_Relu 0.3244395 0.0000000 2.5942488
resnetv19_stage3_conv24_fwd_Conv 2.7132973 -3.9810224 10.8521290
resnetv19_stage3_activation7_Relu 3.9060565 0.0000000 19.2273598
resnetv19_stage3_relu16_fwd_Relu 0.2664067 0.0000000 4.2604256
resnetv19_stage3_relu17_fwd_Relu 0.2082457 0.0000000 1.9034564
resnetv19_stage3_conv27_fwd_Conv 1.3504367 -1.3504367 0.8634117
resnetv19_stage3_activation8_Relu 2.9997313 0.0000000 19.1949043
resnetv19_stage3_relu18_fwd_Relu 0.5963819 0.0000000 3.1791503
resnetv19_stage3_relu19_fwd_Relu 0.5419628 0.0000000 8.6671705
resnetv19_stage3_conv30_fwd_Conv 2.4107614 -4.1698666 3.3975019
resnetv19_stage3_activation9_Relu 3.2354739 0.0000000 19.1665897
resnetv19_stage3_relu20_fwd_Relu 0.3883688 0.0000000 3.1054337
resnetv19_stage3_relu21_fwd_Relu 0.4144803 0.0000000 3.7885296
resnetv19_stage3_conv33_fwd_Conv 2.3036088 -5.2651711 4.7109632
resnetv19_stage3_activation10_Relu 4.0307222 0.0000000 23.8775520
resnetv19_stage3_relu22_fwd_Relu 0.2623370 0.0000000 2.0976713
resnetv19_stage3_relu23_fwd_Relu 0.4588353 0.0000000 1.8344449
resnetv19_stage3_conv36_fwd_Conv 2.7549655 -2.9846489 3.2057610
resnetv19_stage3_activation11_Relu 2.9861608 0.0000000 23.8776207
resnetv19_stage3_relu24_fwd_Relu 0.6471611 0.0000000 2.5873804
resnetv19_stage3_relu25_fwd_Relu 0.3896494 0.0000000 1.5578364
resnetv19_stage3_conv39_fwd_Conv 2.6886418 -1.5280328 3.5116603
resnetv19_stage3_activation12_Relu 2.9964970 0.0000000 27.3892803
resnetv19_stage3_relu26_fwd_Relu 0.2725950 0.0000000 4.3593907
resnetv19_stage3_relu27_fwd_Relu 0.1954175 0.0000000 3.1251540
resnetv19_stage3_conv42_fwd_Conv 2.4552486 -5.0687246 2.2328720
resnetv19_stage3_activation13_Relu 4.3186799 0.0000000 27.6346912
resnetv19_stage3_relu28_fwd_Relu 0.8503478 0.0000000 2.2664869
resnetv19_stage3_relu29_fwd_Relu 0.9537734 0.0000000 2.1789889
resnetv19_stage3_conv45_fwd_Conv 2.3784420 -5.4362111 3.6650038
resnetv19_stage3_activation14_Relu 3.0292311 0.0000000 27.6884842
resnetv19_stage3_relu30_fwd_Relu 0.3729288 0.0000000 2.2091889
resnetv19_stage3_relu31_fwd_Relu 0.4501195 0.0000000 2.6664584
resnetv19_stage3_conv48_fwd_Conv 1.5937808 -1.5937808 1.1314205
resnetv19_stage3_activation15_Relu 4.3295242 0.0000000 27.7040825
resnetv19_stage3_relu32_fwd_Relu 1.1417628 0.0000000 3.6896176
resnetv19_stage3_relu33_fwd_Relu 0.9693767 0.0000000 5.7424803
resnetv19_stage3_conv51_fwd_Conv 2.3565920 -5.3862705 4.9773474
resnetv19_stage3_activation16_Relu 3.1722545 0.0000000 28.9957790
resnetv19_stage3_relu34_fwd_Relu 0.3154856 0.0000000 2.8836749
resnetv19_stage3_relu35_fwd_Relu 0.1650731 0.0000000 2.6398795
resnetv19_stage3_conv54_fwd_Conv 2.1923971 -1.9312379 5.6122513
resnetv19_stage3_activation17_Relu 3.1722664 0.0000000 28.9958878
resnetv19_stage3_relu36_fwd_Relu 0.3287057 0.0000000 5.2567229
resnetv19_stage3_relu37_fwd_Relu 0.2548143 0.0000000 4.0750384
resnetv19_stage3_conv57_fwd_Conv 2.1887608 -2.1887608 0.7407697
resnetv19_stage3_activation18_Relu 3.1719452 0.0000000 28.9929523
resnetv19_stage3_relu38_fwd_Relu 0.5635206 0.0000000 3.3382339
resnetv19_stage3_relu39_fwd_Relu 0.5063502 0.0000000 4.6282597
resnetv19_stage3_conv60_fwd_Conv 2.1961280 -3.6223149 1.4351861
resnetv19_stage3_activation19_Relu 3.1709945 0.0000000 28.9842625
resnetv19_stage3_relu40_fwd_Relu 0.6190154 0.0000000 1.6230621
resnetv19_stage3_relu41_fwd_Relu 0.8506392 0.0000000 4.0019732
resnetv19_stage3_conv63_fwd_Conv 2.3629702 -3.0245428 2.6187325
resnetv19_stage3_activation20_Relu 3.1699648 0.0000000 28.9748516
resnetv19_stage3_relu42_fwd_Relu 0.6380897 0.0000000 4.0830560
resnetv19_stage3_relu43_fwd_Relu 0.6992221 0.0000000 6.3911929
resnetv19_stage3_conv66_fwd_Conv 2.2351100 -5.0658059 8.9395666
resnetv19_stage3_activation21_Relu 3.1693658 0.0000000 28.9693756
resnetv19_stage3_relu44_fwd_Relu 0.9286594 0.0000000 8.4883499
resnetv19_stage3_relu45_fwd_Relu 0.5893953 0.0000000 9.4257212
resnetv19_stage3_conv69_fwd_Conv 2.2113136 -20.2123642 4.2316418
resnetv19_stage3_activation22_Relu 3.1696401 0.0000000 28.9718838
resnetv19_stage3_relu46_fwd_Relu 0.9050017 0.0000000 4.2577305
resnetv19_stage3_relu47_fwd_Relu 0.7473685 0.0000000 5.9760289
resnetv19_stage3_conv72_fwd_Conv 2.3252022 -4.8947849 3.6111178
resnetv19_stage3_activation23_Relu 3.9520823 0.0000000 25.2888794
resnetv19_stage3_relu48_fwd_Relu 1.0401685 0.0000000 1.8482857
resnetv19_stage3_relu49_fwd_Relu 0.5446942 0.0000000 8.7108517
resnetv19_stage3_conv75_fwd_Conv 2.7021220 -2.9612098 2.5425591
resnetv19_stage3_activation24_Relu 3.9503451 0.0000000 25.2777634
resnetv19_stage3_relu50_fwd_Relu 0.9396820 0.0000000 3.2671406
resnetv19_stage3_relu51_fwd_Relu 0.4860601 0.0000000 7.7731647
resnetv19_stage3_conv78_fwd_Conv 2.5648922 -2.8108220 2.4941788
resnetv19_stage3_activation25_Relu 2.7631033 0.0000000 25.2559605
resnetv19_stage3_relu52_fwd_Relu 0.7431861 0.0000000 2.9712927
resnetv19_stage3_relu53_fwd_Relu 0.9783378 0.0000000 15.6457605
resnetv19_stage3_conv81_fwd_Conv 2.5690315 -2.5475640 2.5690315
resnetv19_stage3_activation26_Relu 3.9435893 0.0000000 25.2345333
resnetv19_stage3_relu54_fwd_Relu 1.9076531 0.0000000 6.1015091
resnetv19_stage3_relu55_fwd_Relu 2.2354670 0.0000000 14.3044729
resnetv19_stage3_conv84_fwd_Conv 2.5582865 -3.8612442 3.0766540
resnetv19_stage3_activation27_Relu 2.4423663 0.0000000 22.3242855
resnetv19_stage3_relu56_fwd_Relu 0.6278111 0.0000000 5.7384663
resnetv19_stage3_relu57_fwd_Relu 1.1122884 0.0000000 17.7879238
resnetv19_stage3_conv87_fwd_Conv 2.2174377 -3.5475538 1.9370832
resnetv19_stage3_activation28_Relu 2.9343802 0.0000000 18.7767315
resnetv19_stage3_relu58_fwd_Relu 1.1232017 0.0000000 2.3953679
resnetv19_stage3_relu59_fwd_Relu 0.9568817 0.0000000 8.7463131
resnetv19_stage3_conv90_fwd_Conv 2.3065521 -2.2620735 3.1273470
resnetv19_stage3_activation29_Relu 3.6753359 0.0000000 18.0916500
resnetv19_stage3_relu60_fwd_Relu 1.2379010 0.0000000 3.2457838
resnetv19_stage3_relu61_fwd_Relu 0.7412379 0.0000000 11.8540163
resnetv19_stage3_conv93_fwd_Conv 2.2508977 -2.7702315 2.1156948
resnetv19_stage3_activation30_Relu 4.2110188 0.0000000 16.4299164
resnetv19_stage3_relu62_fwd_Relu 1.1709416 0.0000000 3.7451835
resnetv19_stage3_relu63_fwd_Relu 1.5200186 0.0000000 13.8936281
resnetv19_stage3_conv96_fwd_Conv 2.3611625 -2.3059151 4.6066523
resnetv19_stage3_activation31_Relu 3.0425036 0.0000000 14.3139620
resnetv19_stage3_relu64_fwd_Relu 1.5990130 0.0000000 3.8460486
resnetv19_stage3_relu65_fwd_Relu 0.9164914 0.0000000 14.6567030
resnetv19_stage3_conv99_fwd_Conv 2.4110239 -2.6022768 6.1719074
resnetv19_stage3_activation32_Relu 2.7093647 0.0000000 11.8721380
resnetv19_stage3_relu66_fwd_Relu 1.8398467 0.0000000 4.5984936
resnetv19_stage3_relu67_fwd_Relu 1.0484169 0.0000000 16.7664795
resnetv19_stage3_conv102_fwd_Conv 2.2145994 -3.1634927 2.1519337
resnetv19_stage3_activation33_Relu 3.5478298 0.0000000 8.8674088
resnetv19_stage3_relu68_fwd_Relu 2.4649706 0.0000000 2.4649706
resnetv19_stage3_relu69_fwd_Relu 3.1716267 0.0000000 4.2281470
resnetv19_stage3_conv105_fwd_Conv 2.6589327 -2.2124858 4.8066721
resnetv19_stage3_activation34_Relu 3.8084851 0.0000000 9.1604128
resnetv19_stage3_relu70_fwd_Relu 2.2900831 0.0000000 2.7545319
resnetv19_stage3_relu71_fwd_Relu 3.8585174 0.0000000 4.7477670
resnetv19_stage3_conv108_fwd_Conv 2.7772452 -2.1907504 3.1626496
resnetv19_stage3_activation35_Relu 3.3723818 0.0000000 9.7181187
resnetv19_stage4_relu0_fwd_Relu 1.6229489 0.0000000 1.8538932
resnetv19_stage4_relu1_fwd_Relu 1.8794243 0.0000000 2.0037403
resnetv19_stage4_conv2_fwd_Conv 3.5824101 -3.6861055 4.8564196
resnetv19_stage4_conv3_fwd_Conv 3.5453494 -3.9701269 4.3626871
resnetv19_stage4_activation0_Relu 6.3006207 0.0000000 7.1729765
resnetv19_stage4_relu2_fwd_Relu 2.0805988 0.0000000 2.0805988
resnetv19_stage4_relu3_fwd_Relu 2.5669881 0.0000000 3.3114600
resnetv19_stage4_conv6_fwd_Conv 5.5838989 -4.3603806 8.5877094
resnetv19_stage4_activation1_Relu 12.1179173 0.0000000 14.3073549
resnetv19_stage4_relu4_fwd_Relu 3.5304437 0.0000000 3.5304437
resnetv19_stage4_relu5_fwd_Relu 1.2662040 0.0000000 2.0249372
resnetv19_stage4_conv9_fwd_Conv 9.2521309 -7.6029892 16.0848541
resnetv19_stage4_activation2_Relu 12.4713984 0.0000000 22.1605492
resnetv19_pool1_fwd_GlobalAveragePool 7.9875135 0.0000000 7.9875135
flatten_1391_Flatten 7.9875135 0.0000000 7.9875135
resnetv19_dense0_fwd_Gemm 20.8469849 -9.3676672 20.8469849
